0
0
0
0
0
0
0
0
0
0
0
0
0
0
0
0
0
0
0
0
0
0
0
0
0
0
0
0
0
0
0
0
0
0
0
0
0
0
0
0
0
0
0
0
0
0
0
0
0
0
0
0
0
0
0
0
0
0
0
0
0
0
0
0
0
0
0
0
0
0
0
0
0
0
0
0
0
0
0
0
0
0
0
0
0
0
0
0
0
0
0
0
0
0
0
0
0
0
0
0
0
0
0
0
0
0
0
0
0
0
0
0
0
0
0
0
0
0
0
0
0
0
0
0
0
0.0
0.0
0.0
0.0
0.0
0.0
0.0
0.0
0.0
0.0
0.0
0.0
0.0
0.0
0.0
0.0
0.0
0.0
0.0
0.0
0.0
0.0
0.0
0.0
0.0
0.0
0.0
0.0
0.0
0.0
0.0
0.0
0.0
0.0
0.0
0.0
0.0
0.0
0.0
0.0
0.0
0.0
0.0
0.0
0.0
0.0
0.0
0.0
0.0
0.0
0.0
0.0
0.0
0.0
0.0
0.0
0.0
0.0
0.0
0.0
0.0
0.0
0.0
0.0
0.0
0.0
44.79100495489773
44.79100495489773
44.79100495489773
44.79100495489773
44.79100495489773
44.79100495489773
44.79100495489773
44.79100495489773
44.79100495489773
44.79100495489773
44.79100495489773
44.79100495489773
44.79100495489773
44.79100495489773
44.79100495489773
44.79100495489773
44.79100495489773
44.79100495489773
44.79100495489773
44.79100495489773
44.79100495489773
44.79100495489773
44.79100495489773
44.79100495489773
44.79100495489773
44.79100495489773
44.79100495489773
44.79100495489773
44.79100495489773
44.79100495489773
44.79100495489773
44.79100495489773
44.79100495489773
44.79100495489773
44.79100495489773
44.79100495489773
44.79100495489773
44.79100495489773
44.79100495489773
44.79100495489773
44.79100495489773
44.79100495489773
44.79100495489773
44.79100495489773
44.79100495489773
44.79100495489773
44.79100495489773
44.79100495489773
44.79100495489773
44.79100495489773
44.79100495489773
44.79100495489773
44.79100495489773
44.79100495489773
44.79100495489773
44.79100495489773
44.79100495489773
44.79100495489773
44.79100495489773
44.79100495489773
44.79100495489773
44.79100495489773
44.79100495489773
44.79100495489773
44.79100495489773
44.79100495489773
44.79100495489773
44.79100495489773
44.79100495489773
44.79100495489773
44.79100495489773
44.79100495489773
44.79100495489773
44.79100495489773
44.79100495489773
44.79100495489773
44.79100495489773
44.79100495489773
44.79100495489773
44.79100495489773
44.79100495489773
44.79100495489773
44.79100495489773
44.79100495489773
44.79100495489773
44.79100495489773
44.79100495489773
44.79100495489773
44.79100495489773
44.79100495489773
44.79100495489773
44.79100495489773
44.79100495489773
44.79100495489773
44.79100495489773
44.79100495489773
44.79100495489773
44.79100495489773
44.79100495489773
44.79100495489773
44.79100495489773
44.79100495489773
44.79100495489773
44.79100495489773
44.79100495489773
44.79100495489773
44.79100495489773
44.79100495489773
44.79100495489773
44.79100495489773
44.79100495489773
44.79100495489773
44.79100495489773
44.79100495489773
44.79100495489773
44.79100495489773
44.79100495489773
44.79100495489773
44.79100495489773
44.79100495489773
44.79100495489773
44.79100495489773
44.79100495489773
44.79100495489773
44.79100495489773
44.79100495489773
44.79100495489773
44.79100495489773
44.79100495489773
44.79100495489773
44.79100495489773
44.79100495489773
44.79100495489773
44.79100495489773
44.79100495489773
44.79100495489773
44.79100495489773
44.79100495489773
44.79100495489773
44.79100495489773
44.79100495489773
44.79100495489773
44.79100495489773
44.79100495489773
44.79100495489773
44.79100495489773
44.79100495489773
44.79100495489773
44.79100495489773
44.79100495489773
44.79100495489773
44.79100495489773
44.79100495489773
44.79100495489773
44.79100495489773
44.79100495489773
44.79100495489773
44.79100495489773
44.79100495489773
44.79100495489773
44.79100495489773
44.79100495489773
44.79100495489773
44.79100495489773
44.79100495489773
44.79100495489773
44.79100495489773
44.79100495489773
44.79100495489773
44.79100495489773
44.79100495489773
44.79100495489773
44.79100495489773
44.79100495489773
44.79100495489773
44.79100495489773
44.79100495489773
44.79100495489773
44.79100495489773
44.79100495489773
44.79100495489773
44.79100495489773
44.79100495489773
44.79100495489773
44.79100495489773
44.79100495489773
44.79100495489773
44.79100495489773
44.79100495489773
44.79100495489773
44.79100495489773
44.79100495489773
44.79100495489773
44.79100495489773
44.79100495489773
44.79100495489773
44.79100495489773
44.79100495489773
44.79100495489773
44.79100495489773
0.0
0.0
0.0
0.0
0.0
0.0
0.0
0.0
0.0
0.0
0.0
0.0
0.0
0.0
0.0
0.0
0.0
0.0
0.0
0.0
0.0
0.0
0.0
0.0
0.0
0.0
0.0
0.0
0.0
0.0
0.0
0.0
0.0
0.0
0.0
0.0
0.0
0.0
0.0
0.0
0.0
0.0
0.0
0.0
0.0
0.0
0.0
0.0
0.0
0.0
0.0
0.0
0.0
0.0
0.0
0.0
0.0
0.0
0.0
0.0
0.0
0.0
0.0
0.0
0.0
0.0
0.0
0.0
0.0
0.0
0.0
0.0
0.0
0.0
0.0
0.0
0.0
0.0
0.0
0.0
0.0
0.0
0.0
0.0
0.0
0.0
0.0
0.0
0.0
0.0
0.0
0.0
0.0
0.0
0.0
0.0
0.0
0.0
0.0
0.0
0.0
0.0
0.0
0.0
0.0
0.0
0.0
0.0
0.0
0.0
0.0
0.0
0.0
0.0
0.0
0.0
0.0
0.0
0.0
0.0
0.0
0.0
0.0
0.0
0.0
0.0
0.0
0.0
0.0
0.0
0.0
0.0
0.0
0.0
0.0
0.0
0.0
0.0
0.0
0.0
0.0
0.0
0.0
0.0
0.0
0.0
0.0
0.0
0.0
0.0
0.0
0.0
0.0
0.0
0.0
0.0
0.0
0.0
0.0
0.0
0.0
0.0
0.0
0.0
0.0
0.0
0.0
0.0
0.0
0.0
0.0
0.0
0.0
0.0
0.0
0.0
0.0
0.0
0.0
0.0
0.0
0.0
0.0
0.0
0.0
0.0
0.0
0.0
0.0
0.0
0.0
0.0
0.0
0.0
0.0
0.0
0.0
0.0
0.0
0.0
0.0
0.0
0.0
0.0
0.0
0.0
0.0
0.0
0.0
0.0
0.0
0.0
0.0
0.0
0.0
0.0
0.0
0.0
0.0
0.0
0.0
0.0
0.0
0.0
0.0
0.0
0.0
0.0
0.0
0.0
0.0
0.0
0.0
0.0
0.0
0.0
0.0
0.0
0.0
0.0
0.0
0.0
0.0
0.0
0.5846153846153846
0.46824700029265437
1.1481056257175661
0.0
0.0
0.0
0.0
0.0
0.0
0.0
0.0
0.20071364852809992
0.5844155844155844
1.7741935483870968
4.386295180722891
6.787330316742081
14.074074074074074
16.280478570346812
17.080378250591018
23.675324675324674
24.14894924419319
29.799023290758832
0.0
0.0
0.0
7.13235294117647
10.898993405067685
10.825184422714017
14.724025974025972
17.83510049058395
21.386603995299648
23.254847645429365
24.18831168831169
25.892969043739818
27.136752136752136
28.04232804232804
28.791932496398438
28.97727272727273
29.324074074074076
28.32688172043011
27.393617021276594
27.39271255060729
27.169059011164276
28.5932944606414
32.26689255229035
32.512406947890824
34.83378682124689
35.798983625070576
35.86765994741455
36.25575447570332
38.11813186813187
38.28102564102564
41.04477611940299
41.803174603174604
42.64418096005526
42.448087431693985
41.267609301356664
40.972592772253215
40.76760065928891
42.699689883496774
42.590175605125765
41.8189884649512
40.299838858195216
39.81818181818182
0.0
0.0
0.0
0.0
0.0
2.761159687068569
9.957380860131732
14.285714285714285
16.345270890725434
17.62686567164179
19.712959054453354
22.60989010989011
26.611592632719393
30.096960167714887
31.455761316872426
36.0202593898246
40.77816947382165
40.36979969183359
31.9047619047619
30.546313190941287
22.39386296763346
14.292833648958435
8.729139922978177
8.729139922978177
8.729139922978177
8.729139922978177
8.729139922978177
8.729139922978177
8.729139922978177
8.729139922978177
8.729139922978177
8.729139922978177
8.729139922978177
8.729139922978177
8.729139922978177
8.729139922978177
8.729139922978177
8.729139922978177
8.729139922978177
8.729139922978177
8.729139922978177
8.729139922978177
0.0
0.0
0.0
0.0
0.0
0.0
0.0
0.0
0.0
0.0
0.0
0.0
0.0
0.0
0.0
0.0
0.0
0.0
0.0
0.9551338444137237
3.6011080332409975
0.8697591436217662
0.4
58.17562067562068
58.17562067562068
0.0
0.0
0.0
1.6030844155844155
2.890610239939543
6.709183673469388
10.313869137398548
12.23684210526316
13.350371181696483
18.541374136106505
13.407258064516128
18.20842115556244
20.031814054340202
19.567310248614785
26.725605571197665
25.317122183104846
30.789771492886004
33.24183331869333
32.658776277384234
37.87464054118635
42.82827431594916
46.97161335873699
47.93273726040206
49.12473369657435
48.759964523953045
48.33730746415411
49.04581995833646
49.07630454267511
52.52345922504931
57.06550950915184
63.550202387452224
68.59730003692113
71.1735381585927
72.44637968834806
73.82513882474935
73.55011508397794
69.67388688467362
68.72437333519024
65.89846373331942
66.2279240242231
66.18171162711842
62.64544847968716
66.5312690188338
63.138411875976644
64.72937112602126
64.55985730998044
64.66673862169469
64.73796602625977
66.45530989544262
66.99280872312524
66.88925663167534
65.32435481789754
65.73905784412631
31.832812004170634
31.544804960297917
31.6051771580747
67.61684455663666
33.567719448001135
31.850991444852315
68.87688454530183
67.9642159255205
68.13227878915106
68.34372959111774
67.83038940670846
68.59952610449483
68.29073410111546
67.86174762737262
67.47739479678866
67.93415486783951
67.72658920787524
67.69971747883184
66.80612065265208
67.47734679438777
67.43500215445628
69.0537094606
68.55605726633212
68.36708181037314
67.51786716805505
67.8766626687912
67.8766626687912
67.93879286446507
66.6940480886075
66.2037962037962
67.76463687236533
67.87766080592692
67.93528038323504
67.73776689963536
67.86414240123126
68.89820172380223
68.72573674131924
68.54142176888078
70.2179858620815
70.31807640580956
67.3535323066186
66.3084230412584
65.90986814502982
66.37748245510994
65.90423960240012
65.22625310909179
65.27467010329447
66.14534088835076
65.92510353297045
66.92970921657873
67.74097537748756
67.7890298298666
67.31078366170871
69.11083004715162
69.45642988037399
69.3735991559603
68.18062640433101
68.87934660868383
67.90258167187093
67.695660828373
68.99440493291888
69.26222910490645
70.95797463094374
70.90833848547098
70.5171892133849
70.41080969132535
70.11549851817989
69.93056841553776
69.93056841553776
69.97428900823435
69.55877962105899
70.37896685329162
69.26615361237505
68.97876971781174
68.97381064967831
68.12436982404928
69.41600806751445
69.48198446707902
68.2422572334803
68.32997553140531
68.5491638654801
68.65839880981913
68.7114076370779
68.90239320840462
61.73158351188655
61.60139066269335
62.95668010098905
62.95668010098905
62.85051573981202
60.73108250862731
60.39261104807654
60.755236251765425
60.70432586736935
61.313675548589345
61.256018670296086
61.76637521235061
61.845678558593875
60.57826697319253
60.68791923794509
61.17050706369438
60.58247541261398
59.72390360467508
58.428132817371036
59.45260874514777
59.07554904808953
59.95179458827917
59.59183515073796
59.59183515073796
60.301854341264104
59.65591381004022
59.6753277566082
60.03070270455032
58.95620916179129
58.258722202826505
58.87991708428948
58.819364883064495
58.53863181912576
86.74036715239247
85.40208856636035
84.92751655147059
84.43495089998888
83.79876724592042
83.55827699728317
57.14075918023287
58.87003294269648
58.931630759343314
59.22814210857411
60.80690933951082
60.02046045868808
59.17457463342169
60.096006119112666
60.12722587784053
59.75361601298195
59.88867854656087
60.50016542547385
60.424064637501665
55.01236470163023
59.19380913709984
61.34836373870319
60.824307774196775
58.5105790983331
52.96640918219925
59.64627960022292
61.24263624263624
58.04545083732584
59.97421887255165
33.8280051240414
32.63323050158324
34.49659276322103
33.22686244597
35.07255630396362
35.07255630396362
34.578890381175
34.169322901574425
36.40955915088673
0.0
0.0
0.0
0.0
0.0
0.0
0.0
0.0
0.0
0.0
0.0
0.0
0.0
0.0
0.0
0.0
0.0
0.0
0.0
0.0
0.0
0.0
0.0
0.0
0.0
0.0
0.0
0.0
0.0
0.0
0.0
0.0
0.0
0.0
0.0
0.0
0.0
0.0
0.0
0.0
0.0
0.0
0.0
0.0
0.0
0.0
0.0
0.0
0.0
0.0
0.0
0.0
0.0
0.0
0.0
0.0
0.0
0.0
0.0
0.0
0.0
0.0
0.0
0.0
0.0
0.0
0.0
0.0
0.0
0.0
0.0
0.0
0.0
0.0
0.0
0.0
0.0
0.0
0.0
0.0
0.0
0.0
0.0
0.0
0.0
0.0
0.0
0.0
0.0
0.0
0.0
0.0
0.0
0.0
0.0
0.0
0.0
0.0
0.0
0.0
0.0
0.0
0.0
0.0
0.0
0.0
0.0
0.0
0.0
0.0
0.0
0.0
0.0
0.0
0.0
0.0
0.0
0.0
0.0
0.0
0.0
0.0
0.0
0.0
0.0
0.0
0.0
0.0
0.0
0.0
0.0
0.0
0.0
0.0
0.0
0.0
0.0
0.0
0.0
0.0
0.0
0.0
0.0
0.0
0.0
0.0
0.0
0.0
0.0
0.0
0.0
0.0
0.0
0.0
0.0
0.0
0.0
0.0
0.0
0.0
0.0
0.0
0.0
0.0
0.0
0.0
0.0
0.0
0.0
0.0
0.0
0.0
0.0
0.0
0.0
0.0
0.0
0.0
0.0
0.0
0.0
0.0
0.0
0.0
0.0
0.0
0.0
0.0
0.0
100.0
100.0
100.0
100.0
0.0
1.9712756969867642
3.0521642619311873
2.952227589908749
2.751322751322751
1.4285714285714286
0.5216484089723527
0.0
0.0
0.0
0.0
0.35531867643793025
0.8189655172413793
1.4856664574178697
3.2329317269076308
5.49081572190401
8.064516129032258
10.764459040321109
12.265512265512266
14.727744165946413
15.88034188034188
18.246985988921473
19.151610369206598
20.3456640388114
19.909237300541648
20.51919359293013
20.96542726679713
21.67167167167167
22.344278126508932
21.992481203007518
24.561403508771928
26.35775862068965
27.30594509184278
27.17644772638943
28.52941176470588
29.49021672369922
30.245526425301705
29.98207466292573
30.249402628434886
30.099573257467995
28.83206728160608
29.062893081761004
29.06759906759907
28.857532999544834
31.045225051025888
33.58083358083358
34.97025171624714
35.59747892002385
36.32739212007505
36.62729062547327
37.20248361503967
37.692671394799056
38.12755565651976
38.417734390888754
39.06485671191554
41.07631498935847
40.47794117647059
41.390807335079785
42.7281086853346
43.16625241645954
43.49492411812961
0.0
0.0
0.0
0.0
0.0
0.0
1.1455525606469004
3.7408568443051204
3.718079673135853
5.062794348508634
7.933645870897944
9.217687074829932
10.360655737704919
11.737464068987544
14.764267990074442
18.31908831908832
20.934065934065934
25.473145780051148
26.8444666001994
31.48760330578512
35.981981224604176
36.40810767924663
30.81592039800995
28.92829900839054
21.56177156177156
13.009154278995549
7.448433919022154
5.9948356479866005
6.680805938494168
5.529044983139276
7.821428571428571
11.272950499469836
14.384272227409484
16.072237034056037
20.747663551401867
22.634401453707397
25.033068783068785
26.823299069995105
27.071863228049843
27.408536585365855
28.134375
28.757254352611568
30.595160235448006
31.233143542103686
31.947832613998873
32.18273891966759
32.70044697598987
33.5687905625874
33.81442948456412
35.25045508756512
36.056191467221645
40.90688775510204
42.67408179816939
43.27362059219966
45.2876612462283
47.541648238242665
48.14974182444062
48.854932121061154
48.94988455390445
48.51123909639902
47.38983908780904
47.25751313842543
0.0
0.0
0.0
0.7163085124104615
1.5409309791332264
2.3656898656898657
2.314814814814815
3.2147937411095304
4.886259817936836
7.276071191229011
9.518558661793971
11.03570914462419
11.770644697599437
13.069480917582183
15.561959002927422
15.310481382820251
16.923225435464147
18.044011544011543
22.392185437139794
18.359230199468445
102.87370220488235
109.21044250896637
117.5111466987576
124.53979181573452
129.60168787441515
136.80213481228344
139.01433423492247
143.35085238940556
148.79095967203534
152.4278710411259
153.74162264090324
154.67728231571547
152.3194742628034
49.26374348738584
48.92753711780335
149.27869533847795
148.8321002091566
53.44125541270232
60.613841498395715
67.33530974266512
72.54884226919762
73.69237700408227
76.01273198600786
76.06502791739011
73.10316688633303
71.56037037057912
169.87770913329499
69.98028805915799
67.31071830863881
168.39839829119467
168.96351610783907
69.94438388226052
69.80142382871642
68.12874878379871
68.12874878379871
166.66978883843643
166.42907395850696
166.85287599393348
168.68691683073186
169.42935387451
70.18672345256172
70.18672345256172
100.56030106026856
199.80824644635805
201.97655185503592
201.7189327995458
202.78630419410896
201.36828524997225
199.8110726527223
199.94403991441723
200.00054484934924
198.37835884954214
198.23258393476414
199.21441714383147
200.26209657353468
200.4614691683047
200.22635446935206
200.33996770025996
199.55752097470776
199.7565047871174
199.61189655803625
199.64190791095513
199.9917006739905
199.32818494823786
199.30056481721775
199.15564513251965
199.75653774818448
199.60055705033764
100.41498262757564
100.43517954396613
100.92674288669824
100.92674288669824
100.13693318246635
100.14809028932352
99.98285711578619
100.78361186283011
102.50910403248845
200.06524567086697
168.108528407294
169.78813921388024
168.37475750783778
168.69123497601802
168.69126666380464
164.710332603589
197.57737856391842
197.8903983762993
198.2124545046307
197.92351879202496
198.23078802620213
198.7677510805704
198.79122379397447
198.20943480160304
197.97958810964133
197.98762541547276
198.40300261148568
100.39698157276513
100.37659646800061
100.62800822910383
100.6484711396117
100.90605874697383
197.83883262741563
197.83883262741563
197.54963163624166
197.80721924360375
197.84521306325692
196.37525679146628
196.14796800720083
196.03412733268976
197.49042209026393
197.4904537780505
197.4904537780505
197.81620528715666
198.05899571546817
166.07222922561874
166.26474477429443
197.63683390577432
165.36047812266168
133.53408469664987
134.11847531564257
67.46952901720738
67.59161501715599
67.59161501715599
67.25043849481631
67.6335802572684
67.6335802572684
164.79992190776312
165.40755834855045
165.0420981089212
163.49935587154846
66.28629542851114
69.7307929703332
163.59123900912527
164.25805484720243
196.3313395235778
164.32441951744346
166.06871223232238
134.7144827444846
134.72564770160332
166.29964055647966
134.1904694033608
166.14536963148433
133.9267362805385
134.18964908920654
166.04198113452807
166.0624124443037
166.03262837877878
166.58932510306968
131.66645127576243
163.91523938723913
165.84250438086235
166.3476906903385
166.24399136432024
165.95457997827396
166.21729760759237
166.3817369698744
167.19309506968037
165.2257381895418
164.71508449464548
164.3129253784736
162.82149991780472
164.1771826781437
165.08795596654107
167.12746120132863
167.31055154868636
167.31333254625892
165.3587706704804
165.12372759955488
66.36740303840159
34.223501312750805
35.85921939583731
166.3334260270329
165.97297512217875
166.1059927741006
162.56830863601027
161.57916998990314
164.07672479412437
164.64614746182878
164.1858652007065
67.54736092377287
65.67682182917164
65.93779887863913
65.72507766690117
65.84460726011497
66.12604708371536
65.81234730722402
166.2879151111571
66.47643015881755
64.16691166435804
63.90217335126918
61.62938338444841
62.44280427658837
62.9321391906263
63.303878171089664
62.846159663657765
60.75037088100229
60.412491825465686
61.85305307153588
27.837954721459536
27.837954721459536
27.837954721459536
27.837954721459536
27.837954721459536
27.837954721459536
27.837954721459536
27.837954721459536
27.837954721459536
27.837954721459536
27.837954721459536
27.837954721459536
27.837954721459536
27.837954721459536
27.837954721459536
27.837954721459536
27.837954721459536
27.837954721459536
27.837954721459536
27.837954721459536
27.837954721459536
27.837954721459536
27.837954721459536
27.837954721459536
27.837954721459536
27.837954721459536
27.837954721459536
27.837954721459536
27.837954721459536
27.837954721459536
27.837954721459536
27.837954721459536
27.837954721459536
27.837954721459536
27.837954721459536
27.837954721459536
0.0
0.0
0.0
0.0
0.0
0.0
0.0
0.0
0.0
0.0
0.0
0.0
0.0
0.0
0.0
0.0
0.0
0.0
0.0
0.0
0.0
0.0
0.0
0.0
0.0
0.0
0.0
0.0
0.0
0.0
0.0
0.0
0.0
0.0
0.0
0.0
0.0
0.0
0.0
0.0
0.0
0.0
0.0
0.0
0.0
0.0
0.0
0.0
0.0
0.0
0.0
0.0
0.0
0.0
0.0
0.0
0.0
0.0
0.0
0.0
0.0
0.0
0.0
0.0
0.0
0.0
0.0
0.0
0.0
0.0
0.0
0.0
0.0
0.0
0.0
0.0
0.0
0.0
0.0
0.0
0.0
0.0
0.0
0.0
0.0
0.0
0.0
0.0
0.0
0.0
0.0
0.0
0.0
0.0
0.0
0.0
0.0
0.0
0.0
0.0
0.0
0.0
0.0
0.0
0.0
0.0
0.0
0.0
0.0
0.0
0.0
0.0
0.0
0.0
0.0
0.0
0.0
0.0
0.0
0.0
0.0
0.0
0.0
0.0
0.0
0.0
0.0
0.0
0.0
0.0
0.0
0.0
0.0
0.0
0.0
0.3527536264655669
0.0
0.0
0.0
0.0
0.0
0.0
0.0
0.0
0.0
0.0
0.0
0.0
0.0
0.0
0.0
0.0
0.0
0.0
0.0
0.0
0.0
0.0
0.0
0.0
0.0
0.0
0.0
0.24128098267163853
3.5283993115318415
2.8282828282828283
0.8753180661577608
0.0
0.0
0.0
0.0
0.0
0.0
0.0
0.14163849991952357
0.33670033670033667
0.7469342251950948
1.2400081984013118
1.8292682926829267
3.52991452991453
3.933788504287075
4.980780683233176
7.667376002619086
8.183034763831017
11.623125302370585
10.694432443330742
11.448537184749927
13.35708041387769
14.3841042678252
37.16707829917896
42.20811287477954
0.0
0.0
0.0
0.0
0.0
0.0
0.0
0.0
0.0
0.0
0.0
0.0
0.0
0.0
0.0
0.0
0.0
0.0
0.0
0.0
0.0
0.0
0.0
0.0
0.0
0.0
0.0
0.0
0.0
0.0
0.0
0.0
0.0
0.0
0.0
0.0
0.0
0.0
0.0
0.0
0.0
0.0
0.0
0.0
0.0
0.0
0.0
0.0
0.0
0.0
0.0
0.0
0.0
0.0
0.0
0.0
0.0
0.0
0.0
0.0
0.0
0.0
0.0
0.0
0.0
0.0
0.0
0.0
0.0
0.0
0.0
0.0
0.0
0.0
0.0
0.0
0.0
0.0
0.0
0.0
0.0
0.0
0.0
0.0
0.0
0.0
0.0
0.0
0.0
0.0
0.0
0.0
0.0
0.0
0.0
0.0
0.0
0.0
0.0
0.0
0.0
0.0
0.0
0.0
0.0
0.0
0.0
0.0
0.0
0.0
0.0
0.0
0.0
0.0
0.0
0.0
0.0
0.0
0.0
0.0
0.0
0.0
0.0
0.0
0.0
0.0
0.0
0.0
0.0
0.0
0.0
0.0
0.0
0.0
0.0
0.0
0.0
0.0
0.0
0.0
0.0
0.0
0.0
0.0
0.0
0.0
0.0
0.0
0.0
0.0
0.0
0.0
0.0
0.0
0.0
0.0
0.0
0.0
0.0
0.0
0.0
0.0
0.0
0.0
0.0
0.0
0.0
0.0
0.0
0.0
0.0
0.0
0.0
0.0
0.0
0.0
0.0
0.0
0.0
0.0
0.0
0.0
0.0
0.0
0.0
0.0
0.0
0.0
0.0
0.0
0.0
0.0
0.0
0.0
0.0
0.0
0.0
0.0
0.0
0.0
0.0
0.0
0.0
0.0
0.0
0.0
0.0
0.0
0.0
0.0
0.0
0.0
0.0
0.0
0.0
0.0
0.0
0.0
0.0
0.0
0.0
0.0
0.0
0.0
0.0
0.0
0.0
0.0
0.0
0.0
0.0
0.0
0.0
0.0
0.0
0.0
0.0
0.0
0.0
0.0
0.0
0.0
0.0
0.0
0.0
0.0
0.0
0.0
0.0
0.0
0.0
0.0
0.0
0.0
0.0
0.0
0.0
0.0
0.0
0.0
0.0
0.0
0.0
0.0
0.0
0.0
0.0
0.0
0.0
0.0
0.0
0.0
0.0
0.0
0.0
0.0
0.0
0.0
0.0
0.0
0.0
0.0
0.0
0.0
0.0
0.0
100.0
100.0
100.0
100.0
0.0
0.0
0.0
0.0
0.0
0.0
0.0
0.0
0.0
0.0
0.0
0.0
0.0
0.0
0.0
0.0
0.0
0.0
0.0
0.0
0.0
0.0
0.0
0.0
0.0
0.0
0.0
0.0
100.0
100.0
100.0
0.0
0.0
0.0
0.0
0.0
0.0
0.0
0.0
0.0
0.0
0.0
0.0
0.0
0.0
0.0
0.0
0.0
0.0
0.0
0.0
0.0
0.0
0.0
0.0
0.0
0.0
0.0
0.0
0.0
0.0
0.0
0.0
0.0
0.0
0.0
0.0
0.0
0.0
0.0
0.0
0.0
0.0
0.0
0.0
0.0
0.0
0.0
0.0
0.0
0.0
0.0
0.0
0.0
0.0
0.0
0.0
0.0
0.0
0.0
0.0
0.0
0.0
0.0
0.0
0.0
0.0
0.0
0.0
0.0
0.0
0.0
0.0
0.0
0.0
0.0
0.0
0.0
0.0
0.0
0.0
0.0
0.0
0.0
0.0
0.333710407239819
0.4968159859464207
1.0003175611305175
2.2018808777429464
2.7753560011624527
3.450704225352113
4.9359257622624835
5.69805474264073
6.155136268343816
7.789005172621195
7.8245476003147125
10.477292666081794
11.765558211982901
12.5326278659612
13.258003766478343
15.60856188176134
16.48478916890955
23.735039696646524
34.946029537804165
38.02950975725845
38.60947850110401
38.62412409290334
37.764231738035264
38.38162130523851
38.47432386991401
38.41088220650264
38.3120781559845
38.18217722246158
37.53835302415799
37.545699110160726
37.38778907318233
37.71612484718445
37.36580192527329
37.23553392739167
37.83630162940508
37.876610735144155
38.13176895306859
38.03515822736267
38.09322033898305
38.25597749648382
38.79097093382808
39.26488157987209
39.12598586338806
39.52822980508186
39.84159436188956
39.863129435620145
39.96198422176992
39.92537313432835
40.01252242190409
39.60525171724198
40.34659528308489
40.392959619287566
40.397226571236864
39.75272309652413
39.37392765227338
39.763979665940454
39.85564601236243
40.25269358964421
41.37404580152671
41.84211929001652
42.06201990223464
41.87922022567692
41.445541850621275
41.464842404903465
40.34034034034034
39.176768182728914
38.64490068951322
37.58083480305702
18.643207282913167
8.413951672378639
0.0
0.0
25.581443512477996
23.429747589643593
28.715049342105264
30.29063765584055
25.130526315789474
22.60063982937883
21.846443495430957
22.215007215007216
19.619897959183675
17.979506043089856
17.4009366499341
14.551367331855136
15.72192513368984
23.82546590782279
20.285853967158427
18.514626029076897
23.26182618261826
23.198216567436045
22.43672939649578
20.44180309486432
18.96516423411039
18.55725555821181
17.533349802371543
16.533069332226233
16.098191214470283
13.403003246753247
12.309353019012466
11.798071469086784
9.585063765665772
9.076699787875404
8.51208974456151
8.67309966055151
8.781278962001855
8.781278962001855
7.221425155428025
6.785032300004063
6.274028629856851
7.724923275722824
8.61847389558233
8.674650698602795
8.953904271992927
8.652083587926189
9.240977504450559
8.186366992043311
6.036734349987362
3.3006362672322376
3.32472850275948
2.247906807426283
1.9154217206013207
2.3780487804878048
2.4242424242424243
2.4242424242424243
5.510907003444316
7.587630603303
7.54982221119656
8.409321175278622
11.334745762711865
12.433248200603668
11.39617676650414
10.98225404732254
10.238747553816047
10.496712651541063
10.751735341899277
11.351351351351353
10.170641153791232
9.719922737306844
9.058779123631746
7.814992025518341
7.82113925678282
8.182503770739064
6.9789412732758365
3.724256998396843
2.9636005902606986
1.594729388584447
1.1968246273179008
1.2114537444933922
1.1244635193133048
1.492702344095533
1.6087993639014049
0.583400974025974
0.44519874065328613
0.7082493037549218
2.5049051667756705
4.622502456600065
7.4448249619482505
7.9558734993094165
8.09904208597019
7.363327674023769
15.363805276848755
20.601104068697605
21.488648090815275
22.81457918508086
23.371692546401327
22.611965106548826
120.9587476484816
120.45633534103135
21.623182719762855
20.193141865668235
119.83711048158641
19.669644362042813
19.98772683439993
19.984491315136477
20.019807583474815
19.99461867320398
19.88019801980198
0.0
0.0
0.0
0.0
0.0
0.0
0.0
0.0
0.0
0.0
0.0
0.0
0.0
0.0
0.0
0.0
0.0
0.0
0.0
0.0
0.0
0.0
17.895517717014595
17.895517717014595
0.0
0.05075384385729213
0.26583448913546
0.36199095022624433
0.5958291956305859
0.6327744726879394
0.6091617933723197
0.5552873008208595
0.7076712617068294
17.532218322732156
18.610641088481874
0.8119045179797151
1.6996473354231976
3.3477071451755
4.179601385702074
18.927316891645983
24.885497950666107
26.26296180132886
5.75801749271137
32.14161140286536
43.03123377010378
26.83622667547157
27.17722741007007
28.30425967279285
22.62342558538211
27.483626469081184
29.75030792458827
30.65356381719157
0.0
0.0
1.5872156013001084
0.006038647342995169
0.8033118131191168
29.088592005986154
30.181610760089722
28.796668154097873
29.295570079883802
29.295570079883802
32.543770215845335
30.117714613838647
29.295570079883802
29.191176470588236
31.281170076726344
30.776550564484385
30.114995023496654
30.114995023496654
30.952033327190225
28.851744186046513
28.851744186046513
28.851744186046513
28.851744186046513
30.488331202046037
30.488331202046037
28.119099491648512
28.119099491648512
28.954923916164226
28.954923916164226
31.25019512057759
31.590841284297166
31.672041315802467
31.514603460941203
31.595981934373835
31.407239992458504
31.84702704347705
31.526184589007777
31.685753465780923
30.9773134093621
30.946915806078483
31.657743690819274
30.755593932914643
0.0
0.0
0.0
28.108527906053197
0.07906843013225992
0.27096191479753123
29.905510895029046
29.40987804371312
28.464264351713393
30.67043243634125
29.485507381702742
29.511927050486946
28.409619736489372
28.076185256234588
28.076185256234588
29.199780761852562
29.199780761852562
29.199780761852562
28.420870554715965
28.62701609859526
27.837264642511716
29.290603475958264
29.433221099887767
29.433221099887767
28.622108698737055
29.771533986093374
29.771533986093374
28.622108698737055
30.176820760695495
1.1143034632706943
1.3608479577574157
30.940577708328586
31.047599968041705
29.897060997109502
30.512663559231168
30.085164200894177
28.448867143271734
0.31803542673107893
1.3566115543222723
1.8235071806500378
1.8477443609022557
2.86996336996337
30.80499816187111
31.9381584766534
30.97547553753939
2.3796327088645013
1.6554295830351426
30.58922386507711
0.7194103194103194
0.7233201581027667
1.6940333024976872
3.006299623513624
2.9908032337016985
0.0
0.0
0.0
0.0
1.9301941581734328
0.24885262621111678
1.8185388845247448
1.5020697811945594
1.7517616029602803
0.32095172885997947
1.8365193392588983
0.0
0.0
0.0
0.0
0.0
0.0
0.0
0.0
0.0
0.0
0.0
0.0
0.0
0.0
0.0
0.0
0.0
0.0
0.0
0.0
0.0
0.0
0.0
0.0
0.0
0.0
0.0
0.0
0.0
0.0
0.0
0.0
0.0
0.0
0.0
0.0
0.0
0.0
0.0
0.0
0.0
0.0
0.0
0.0
0.0
0.0
0.0
0.0
100.0
100.0
100.0
100.0
0.0
0.0
0.0
0.0
0.0
0.0
0.0
0.0
0.0
0.0
0.0
0.0
0.0
0.0
0.0
0.0
0.0
0.0
0.0
0.0
0.0
0.0
0.0
0.0
0.0
0.0
0.0
0.0
100.0
100.0
100.0
0.0
0.0
0.0
0.0
0.0
0.0
0.0
0.0
0.0
0.0
0.0
0.0
0.0
0.0
0.0
0.0
0.0
0.0
0.0
0.0
0.0
0.0
0.0
0.0
0.0
0.0
0.0
0.0
0.0
0.0
0.0
0.0
0.0
0.0
0.0
0.011337868480725623
0.0111781801922647
0.022180326050792946
0.03229974160206719
0.1282051282051282
0.18679950186799502
0.3582089552238806
0.7797270955165692
1.1375485828040572
1.403705783267827
1.7666879154903927
2.375886524822695
2.4735915492957745
2.972027972027972
3.1502767134951046
3.6958645392380336
3.9813938820561336
4.512383900928793
5.146286571642911
5.329819166849696
6.032018296169239
6.119424054206664
6.890243902439025
6.974564926372155
7.535321821036106
8.367037411526795
8.954393770856507
9.544245647969053
10.409356725146198
11.006181318681318
11.810847153742717
12.56716097141629
13.30890052356021
13.723705501618122
13.389142064592827
13.325563325563325
14.63932107496464
15.35250884674712
15.543531726512544
16.2604821802935
17.458554444855814
17.875305329756134
18.457098884186227
19.505215879455232
20.017583963425356
21.11099772085587
22.892260418667178
23.333960843373493
25.12144344205413
28.051470588235293
28.58201581027668
30.311209907907273
33.4269592476489
34.28509154315606
35.42957746478873
37.55413168360583
38.49845067997934
38.958071278826
40.73539436224387
40.611723052714396
43.28113042017434
44.22589292182859
44.504409171075835
45.2251326827598
46.94147616369471
47.43984993067449
53.2853418651499
61.645571192567104
63.11506992135264
62.71853566438041
62.232549435468776
61.11738035264484
61.41742269046922
61.332564730748906
61.273473682232805
60.90836319973803
60.703899181387335
60.17369070710633
60.210733255156235
59.95481838178467
60.296233460575664
59.98694729972263
59.77859778597786
60.32351269420235
60.18818948734588
60.38670990638194
60.24144437115553
60.39724576271186
60.46099290780141
61.080705009276436
61.894722046524706
61.89962690678966
62.785102336091555
63.545094910408565
63.81801284217641
64.280307490454
64.47947338139237
64.63515754560531
64.71698113207547
65.71663517390999
65.79799146196375
66.08007157235518
65.28881870547491
64.67597226193881
65.0989469862019
65.51051560379919
66.17607162235485
67.79134860050891
68.81402910292628
69.18427025139665
69.12196872826794
68.65299713258386
68.68988315236105
67.57710091043424
66.69755560008015
66.36050221261706
65.40003206669873
51.29026610644257
45.692160860700184
0.0
0.0
61.28611369990681
59.529845087206155
62.761101973684205
63.219645834987695
58.84421052631579
56.74486803519062
56.52523304403728
57.04425204425204
55.15561224489795
53.82291119285338
53.77043663591239
51.61566888396156
52.75401069518717
58.72949447606294
55.229632185891354
53.43025632042973
56.32013201320132
55.53924367234864
54.53168937919101
52.85377887418704
51.80906139401562
51.62263925412384
50.90167984189723
50.36246926196787
50.161498708010335
48.197375541125545
47.48241520997284
47.35890527509926
45.848800029402035
45.79658367757061
45.45592359584628
45.939967199359245
46.33147976521471
46.33147976521471
45.48063127690101
45.52065981391947
45.15746421267894
46.89064771442417
50.177934880015926
51.36431614383174
55.445213777995804
58.17671223657388
58.95344143174326
61.01105969946094
47.725166399865195
45.108695652173914
45.43795620437956
44.21641791044777
44.34974008336065
45.811444652908065
45.930069930069926
69.62413304292427
70.84503070383634
72.85503233986552
50.756636070453986
50.913880445795336
52.90332705586943
53.339524804581686
52.0277068338364
51.2920298879203
50.50097847358121
50.21852316345533
49.93354009747452
76.85367950360846
75.96245482332917
67.4897071854579
70.60812274495937
63.87838197048723
62.850642207077854
63.335318710411784
56.32651336348098
52.3609023025707
50.04205179932847
46.364241911985836
41.32084336429473
40.216385620968964
37.354621606787774
38.30123524468989
38.02339987332039
28.883181637370946
27.37267304273574
29.167172559026493
24.74166121648136
27.843514575827054
35.79669340734355
37.21636462394669
35.64368573750967
27.865874363327674
34.360460795243405
38.31118380699243
38.12048503611971
38.17687339128746
38.24950336769598
36.92813828994578
134.65559730176167
134.05876676316927
34.96385192117974
35.87410413126134
136.7275266671135
38.44448008151434
45.408106355943055
46.65989721485411
38.72600376365298
38.480709177849995
39.396318550774
8.698665742505632
8.844665561083472
9.041463586918132
10.268584300814416
9.710797754276015
10.143092313536787
10.968611924025936
15.092628764670229
17.315403515403517
17.54102797667154
19.245581830615844
20.199736197475033
0.0
0.0
10.857411322527602
11.762048873029496
15.269177846577229
17.806627399126498
14.355601233299076
15.528365725076718
17.332825300057152
16.023887497591986
44.7117733651248
46.05364815683418
35.73625605701077
37.63653460205184
39.039486123007606
23.758484162895925
24.431755489352312
24.378042184964848
24.25276153346329
23.716401094479316
43.16591756167888
47.75021383222964
49.79521343384333
23.942219034934944
25.803291536050153
28.212083275374418
29.05475322805597
50.45615459166357
56.17191351703832
57.51612450829568
29.62018140589569
64.11572320433623
99.70520461877663
78.18623686979372
69.52020393136935
68.3494111232447
59.93770629860673
53.623365094282406
56.33527524484971
39.24934880416765
0.0
0.0
19.479956663055255
12.69524959742351
18.357892661771228
54.67527022252033
56.14714217222308
35.19262234121672
35.54103122730574
35.54103122730574
58.11590947118206
36.290554120011485
35.54103122730574
35.36764705882353
56.74579070758738
56.06349458240454
55.674631171809054
55.674631171809054
56.43985005005803
34.95639534883721
34.95639534883721
34.95639534883721
34.95639534883721
56.444479965899404
56.444479965899404
34.36456063907044
34.36456063907044
35.12776342233707
35.12776342233707
57.10867643021616
57.52194423518482
57.64167818818575
57.55948038781143
57.65052543469833
57.317483997215525
57.76178572099082
57.40900849965826
57.61645185264346
56.50522181485624
56.19255364957545
56.83525383109404
56.07276621407353
0.0
0.0
0.0
48.692797959910884
42.99496594076045
17.063073912388983
54.340983119925546
54.294743275437
50.782024744604826
55.51271598426657
52.192808372099094
52.238144450243865
49.65299261390841
34.118936694984924
34.118936694984924
35.2425322006029
35.2425322006029
35.2425322006029
49.54318566242147
51.04811418887484
51.83931310193092
53.22732751810699
35.46576879910213
35.46576879910213
34.723996026678016
35.873421314034346
35.873421314034346
34.723996026678016
54.787641452642276
19.119816741730084
19.65949681627582
54.95416326711672
55.11556261499917
53.40718557826075
53.544839409168944
52.05747264617175
50.81383439346136
16.694847020933977
19.92908621420588
20.735071806500375
20.780075187969924
22.62087912087912
56.08923321082805
57.04510921766368
55.31916460468953
21.629161585929126
20.317149421823796
54.67807389165916
18.038329238329236
18.136363636363637
20.790934320074005
23.33097252767734
23.210709782689314
0.0
0.0
0.0
0.0
20.869631232325535
15.814380418154004
20.795365278868815
20.15966883500887
20.527103098059285
17.1837555631633
20.885587889118877
0.0
0.0
0.0
0.0
0.0
0.0
0.0
0.0
0.0
0.0
0.0
0.0
0.0
0.0
0.0
0.0
0.0
0.0
0.0
0.0
0.0
0.0
0.0
0.0
0.0
0.0
0.0
0.0
0.0
0.0
0.0
0.0
0.0
0.0
0.0
0.0
0.0
0.0
0.0
0.0
0.0
0.0
0.0
0.0
0.0
0.0
0.0
0.0
100.0
100.0
100.0
100.0
0.0
0.0
0.0
0.0
0.0
0.0
0.0
0.0
0.0
0.0
0.0
0.0
0.0
0.0
0.0
0.0
0.0
0.0
0.0
0.0
0.0
0.0
0.0
0.0
0.0
0.0
0.0
0.0
100.0
100.0
100.0
0.0
0.0
0.0
0.0
0.0
0.0
0.0
0.0
0.0
0.0
0.0
0.0
0.0
0.0
0.0
0.0
0.0
0.0
0.0
0.0
0.0
0.0
0.0
0.0
0.0
0.0
0.0
0.0
0.0
0.0
0.0
0.0
0.0
0.0
0.0
0.0
0.0
0.0
0.0
0.0
0.0
0.0
0.0
0.0
0.0
0.027319916218923594
0.16843971631205673
0.1936619718309859
0.3583916083916084
0.4342273307790549
0.7000976880494952
0.8514664143803218
1.130030959752322
1.5078769692423106
1.6326231788564318
2.06546598056032
2.131564088085827
2.669376693766938
2.737617135207497
3.139717425431711
3.7537917087967645
4.202199975281177
4.666344294003869
5.345029239766082
5.837912087912088
6.476916181084716
7.140554480980013
7.774869109947644
8.186690938511326
7.940360610263523
7.930264180264181
9.052333804809052
9.713274657472098
9.886866699458928
10.53022361984626
11.666460981529475
12.093060505345774
12.681800692574067
13.727904955085481
14.24652716722349
15.290675919311495
17.012355162921708
17.463604417670684
19.168451860121294
22.005090497737555
22.56258234519104
24.27225574256378
27.470846394984328
28.458297006684102
29.69718309859155
32.054794520547944
33.101652608022036
33.672955974842765
35.65098841172461
35.605822187254134
38.519403430832696
39.587408534376586
39.96649029982363
40.84060948467728
42.685347536970255
43.23464643993149
49.47416755539756
58.42845963705019
60.156161465061984
59.92810589979627
59.506580999313826
58.4816120906801
58.87523168471369
58.82403804582793
58.83568657291285
58.547855986319064
58.370134999281916
57.90072297654735
57.992170793957364
57.75943336135953
58.14808346431809
57.85201501060532
57.64997824650736
58.19518125552609
58.06294613887086
58.25659303677415
58.12305379576935
58.24303874092009
58.307149055869765
58.95871985157699
59.7324712441727
59.72639831242227
60.58312876952839
61.30614008842791
61.56471781007097
61.963195343908225
62.13490371272887
62.280434561884455
62.32849317450656
63.2978165022045
63.373923997480574
63.64750615074928
62.885136468857105
62.30161567057478
62.74691358024691
63.16900346751093
63.84098131927758
65.46666666666667
66.48792708277811
66.87980097765363
66.85510465038024
66.4216467161258
66.4745988384105
65.44044044044044
64.59877780004007
64.25851600288155
63.208807653252094
48.312324929971986
42.071927465185894
0.0
0.0
57.728072900486694
55.68627450980392
58.984375
59.54300007940919
54.896842105263154
52.525993068515064
52.183496349359416
52.405002405002406
50.19387755102041
48.712559117183396
48.34964525084831
45.97487065779749
47.100415923945334
53.37015958040398
49.800132286544155
47.98271734687919
51.12211221122113
50.441780170187315
49.47004109885356
47.737721462211255
46.62318289508322
46.405092039206316
45.63364624505929
45.022833966723084
44.786821705426355
42.70833333333333
41.93188940734034
41.747022121384006
40.13010400970267
40.00595437460459
39.62707496399606
40.058736031122464
40.407784986098235
40.407784986098235
39.42292364100112
39.37756470158046
38.97341513292433
40.70020998223227
42.01606425702811
42.13842889913138
43.77809093302217
45.38373120661959
46.10673884541879
47.49563846227938
41.06917179206336
38.21138211382114
38.49029731173224
37.11321441572625
37.09080691237765
38.470919324577864
38.578088578088575
51.717685654216226
53.47738293292845
55.9097372686857
43.89316133300256
44.18642350557244
46.343377275580664
46.88104635864097
45.61566442225834
44.93306351183063
44.15264187866927
43.951658875840835
43.752769162605226
56.06188640633525
54.13622448656669
49.5893647660538
50.27957300685784
46.49706524706525
45.87815924449588
46.46407410740993
41.51543540260283
37.29941533608685
35.79519260378443
32.490107680744735
28.186628387648955
27.22643888811957
25.240334350059833
26.093565147394226
25.96843802024918
19.826660649803767
18.934722539738214
20.542972554910758
20.568999345977762
23.761464133639045
29.012906445690632
29.295522512056248
27.757776969111987
24.458404074702887
31.360832404310667
35.515572820827366
35.49664602683178
35.752270409402165
35.900932140632165
34.66877586345243
132.48230762339873
131.91130633478642
32.8014995967654
31.06729043838895
131.2168015818727
32.26389882739754
33.96474417047221
34.803948832035594
32.34858715791196
33.291337590403785
34.1098831504772
5.056316063073991
5.192786069651741
5.308328035600763
6.3351238953387625
6.019062540801672
6.4201595542611125
7.32484076433121
10.378475221550373
12.075537075537076
12.424242424242424
13.868192779757404
14.610891275673637
0.0
0.0
6.262626262626263
7.064456389177469
10.096319229446165
12.409344071803503
9.426515930113052
10.504366984027067
12.120403886454563
10.976690425736853
38.1900824173514
39.50642375175407
23.837603546498425
25.9620762379383
27.420723024414606
18.956447963800905
19.68443120379565
19.651162790697676
19.517543859649123
19.019260689951178
31.774501793416064
41.76396379953692
43.776382549554235
19.326913226103883
21.32641065830721
23.923123290211898
24.868403293291944
45.24392024241334
51.091959781178446
52.46132181813883
25.71873987690314
58.87798593390529
87.6936841954562
66.12657006854661
58.638740170548445
58.01558513900926
49.56443831882032
48.6964878626949
51.419755845600655
37.899597442576365
0.0
0.0
16.052726616106895
9.722222222222223
14.817735284937491
49.984462778548334
51.54332545675587
34.196043432991225
34.5679012345679
34.5679012345679
53.695953221068024
35.32873959230549
34.5679012345679
34.39705882352941
52.29587595907928
51.62235979819844
51.207576883827
51.207576883827
51.984081671788694
33.997093023255815
33.997093023255815
33.997093023255815
33.997093023255815
51.947943307757896
51.947943307757896
33.39143064633261
33.39143064633261
34.165948894631065
34.165948894631065
52.61670794484515
53.018660284781994
53.117305767734436
53.041175990464126
53.15312241759245
52.825456294321185
53.28011284870999
52.94436275814554
53.15031897088996
52.06873164767367
51.754685902700196
52.32788829894221
51.543112490387635
0.0
0.0
0.0
44.51594404512096
34.600069570116915
13.461538461538462
49.64869548474054
49.61374449430732
46.45045176218735
50.924673296861435
47.81657466582796
47.868225998970026
45.342250990432696
33.17347218416005
33.17347218416005
34.29706768977802
34.29706768977802
34.29706768977802
45.134428418173314
46.57169715819984
47.29167459182012
48.701366199048856
34.52581369248036
34.52581369248036
33.77323683837094
34.922662125727264
34.922662125727264
33.77323683837094
50.27503884741933
15.569187762074858
16.103043950924057
50.484582474881655
50.65951242140109
48.99283120600737
49.099751893930645
47.674387734002835
46.362338973529795
13.214573268921095
16.314024742744827
17.139077853363567
17.18421052631579
19.003663003663004
51.566033471774965
52.53615550898773
50.86137036276861
18.046779736171157
16.74262684093563
50.18753886338443
14.52186732186732
14.600790513833992
17.13305581251927
19.625750177060425
19.524586516353928
0.0
0.0
0.0
0.0
17.28444267304371
12.47526772055074
17.18381775333857
16.556278336290163
16.94681730504271
13.59551523450873
17.261252485896346
0.0
0.0
0.0
0.0
0.0
0.0
0.0
0.0
0.0
0.0
0.0
0.0
0.0
0.0
0.0
0.0
0.0
0.0
0.0
0.0
0.0
0.0
0.0
0.0
0.0
0.0
0.0
0.0
0.0
0.0
0.0
0.0
0.0
0.0
0.0
0.0
0.0
0.0
0.0
0.0
0.0
0.0
0.0
0.0
0.0
0.0
0.0
0.0
100.0
100.0
100.0
100.0
0.0
0.0
0.0
0.0
0.0
0.0
0.0
0.0
0.0
0.0
0.0
0.0
0.0
0.0
0.0
0.0
0.0
0.0
0.0
0.0
0.0
0.0
0.0
0.0
0.0
0.0
0.0
0.0
100.0
100.0
100.0
0.0
0.0
0.0
0.0
0.0
0.0
0.0
0.0
0.0
0.0
0.0
0.0
0.0
0.0
0.0
0.0
0.0
0.0
0.0
0.0
0.0
0.0
0.0
0.0
0.0
0.0
0.0
0.0
0.0
0.0
0.0
0.0
0.0
0.0
0.0
0.0
0.0
0.0
0.0
0.0
0.0
0.0
0.0
0.0
0.0
0.0
0.0
0.0
0.0
0.0
0.0
0.0
0.0
0.0
0.0
0.0
0.0
0.0
0.0
0.0
0.0
0.0
0.0
0.0
0.0
0.0
0.0
0.0
0.0
0.0
0.0
0.0
0.0
0.0
0.0
0.0
0.0
0.0
0.0
0.0
0.0
0.0
0.0
0.0
0.0
0.0
0.0
0.0
0.0
0.0
0.0
0.0
0.0
0.0
0.0
0.05973158120695126
0.42019850757081795
0.7936507936507936
1.0905666837870227
2.6400238197637873
3.4026588369627278
10.867697594501719
23.23524662451712
27.030212370526506
28.019498874654662
28.258790260536877
27.471032745591938
28.18164081553019
28.353749339482153
28.2285413672275
28.223297614932598
28.123653597587246
27.365543995767943
27.323756639304687
27.21598002496879
27.47935430752726
27.071300375265135
26.97594224850545
27.563313123657952
27.657519854145423
27.929388729119502
27.84433434062984
27.764830508474574
27.949845886824072
28.477118119975266
28.70038497278641
28.474725689907594
28.59801993074635
28.638509358066557
28.515545792497466
28.313344211004388
28.11368328425898
28.145835448607304
27.435005651682467
27.9935614808594
28.01193225558122
27.823753075374636
27.20494553806952
26.928438661710036
27.26125635439361
27.15871400572893
27.401945585613518
28.256488549618318
28.44091466339747
28.57891061452514
28.37337640487247
27.96527240453325
27.975712219646017
26.922160255493587
25.67371268282909
25.051456210764638
23.99390732724066
2.851890756302521
0.0
0.0
0.0
8.333851092471782
6.094680966309175
12.467105263157894
14.597395378384817
9.128421052631579
6.473829201101928
5.46907287505166
5.887445887445888
3.086734693877551
1.7235943247503942
1.2563448217841218
0.10643015521064302
0.39215686274509803
7.758620689655173
4.241796796364996
2.569043031470777
8.267326732673268
8.593643802843705
7.968310620808998
5.842117066606862
4.206031179619176
3.6845565383695913
2.593873517786561
1.6606521253153643
1.2887596899224807
0.0946969696969697
0.0
0.0
0.0
0.0
0.0
0.0
0.0
0.0
0.0
0.0
0.0
0.0
0.0
0.0
0.0
0.0
0.0
0.0
0.0
0.0
0.0
0.0
0.0
0.0
0.0
0.0
0.0
0.0
0.0
0.0
0.0
0.0
0.0
0.0
0.0
0.0
0.0
0.0
0.0
0.0
0.0
0.0
0.0
0.0
0.0
0.0
0.0
0.0
0.0
0.0
0.0
0.0
0.0
0.0
0.0
0.0
0.0
0.0
0.6659056316590563
1.4519956085986472
1.6927758757824116
1.3242784380305603
10.339650687476775
16.052613644108227
17.432920536635706
19.47817007430431
20.24143970472418
19.866570377248184
118.69905043447102
118.30000110922543
19.62771638440245
18.77539838363545
118.47615675165251
17.97452505357444
19.39160164811081
19.708436724565757
19.720672649365348
19.916888397261502
19.824752475247525
0.0
0.0
0.0
0.0
0.0
0.0
0.0
0.0
0.0
0.0
0.0
0.0
0.0
0.0
0.0
0.0
0.0
0.0
0.0
0.0
0.0
0.0
19.20647247690471
19.20647247690471
0.0
0.0
0.0
0.0
0.0
0.0
0.0
0.0
0.0
19.45143130913882
19.72326274749637
0.0
0.0
0.0
0.0
19.04016913319239
24.429762099315948
25.765306122448976
0.0
38.5163336857922
51.32218844984803
36.25
39.20242537313433
40.92090303719344
37.56613756613756
44.4162188568637
47.49455337690632
50.31967795406109
0.0
0.0
0.0
0.0
0.0
49.92088607594937
49.92283950617284
49.962814219842336
49.96368917937545
49.96368917937545
50.54550674705713
50.54550674705713
49.96368917937545
49.9264705882353
49.9264705882353
49.34593023255814
48.75
48.75
49.34593023255814
49.34593023255814
49.34593023255814
49.34593023255814
49.34593023255814
48.75
48.75
48.78721859114016
48.78721859114016
49.382716049382715
49.382716049382715
49.382716049382715
49.96368917937545
50.0
49.41860465116279
49.382716049382715
49.382716049382715
50.0
49.41860465116279
49.41860465116279
48.85057471264368
49.41860465116279
50.0
49.382716049382715
0.0
0.0
0.0
48.75
0.0
0.0
49.9264705882353
49.330357142857146
48.75
49.96368917937545
49.382716049382715
49.382716049382715
48.26038159371493
47.752808988764045
47.752808988764045
48.87640449438202
48.87640449438202
48.87640449438202
48.29545454545455
48.29545454545455
46.62921348314607
48.29545454545455
49.396745230078565
49.396745230078565
48.81509862352774
49.96452391088406
49.96452391088406
48.81509862352774
48.81509862352774
0.0
0.0
49.96452391088406
49.96452391088406
49.382716049382715
50.03462124359507
50.0
48.8235294117647
0.0
0.0
0.0
0.0
0.0
47.31534834992143
48.9010989010989
48.369565217391305
0.0
0.0
49.396745230078565
0.0
0.0
0.0
0.0
0.0
0.0
0.0
0.0
0.0
0.0
0.0
0.0
0.0
0.0
0.0
0.0
0.0
0.0
0.0
0.0
0.0
0.0
0.0
0.0
0.0
0.0
0.0
0.0
0.0
0.0
0.0
0.0
0.0
0.0
0.0
0.0
0.0
0.0
0.0
0.0
0.0
0.0
0.0
0.0
0.0
0.0
0.0
0.0
0.0
0.0
0.0
0.0
0.0
0.0
0.0
0.0
0.0
0.0
0.0
0.0
0.0
0.0
0.0
0.0
0.0
0.0
0.0
0.0
0.0
0.0
0.0
0.0
0.0
0.0
0.0
0.0
0.0
0.0
0.0
0.0
0.0
0.0
0.0
0.0
0.0
0.0
0.0
0.0
0.0
0.0
0.0
0.0
0.0
0.0
0.0
0.0
0.0
0.0
0.0
0.0
0.0
0.0
0.0
0.0
0.0
0.0
0.0
0.0
0.0
0.0
0.0
0.0
0.0
0.0
0.0
0.0
0.0
0.0
0.0
0.0
0.0
0.0
0.0
0.0
0.0
0.0
0.0
0.0
0.0
0.0
0.0
0.0
0.0
0.0
0.0
0.0
0.0
0.0
0.0
0.0
0.0
0.0
0.0
0.0
0.0
0.0
0.0
0.0
0.0
0.0
0.0
0.0
0.0
0.0
0.0
0.0
0.0
0.0
0.0
0.0
0.0
0.0
0.0
0.0
0.0
0.0
0.0
0.0
0.0
0.0
0.0
0.0
0.0
0.0
0.0
0.0
0.0
0.0
0.0
0.0
0.0
0.0
0.0
0.0
0.0
0.0
0.0
0.0
0.0
0.0
0.0
0.0
0.0
0.0
0.0
0.0
0.0
0.0
0.0
0.0
0.0
0.0
0.0
0.0
0.0
0.0
0.0
0.0
0.0
0.0
0.0
0.0
0.0
0.0
0.0
0.0
0.0
0.0
0.0
0.0
0.3061655405405405
0.16741274520508062
0.0
2.581165557572091
0.013605442176870748
0.11755485893416928
2.2869022869022873
4.661109892520289
17.32905648568299
18.98989898989899
16.885496183206104
5.582706766917293
10.54049356969065
0.0
0.0
0.0
0.0
0.17791732077446365
0.75647835184291
1.295234628567962
2.2853957636566333
3.397212543554007
4.651162790697675
7.991452991452991
8.76468720228644
10.659953440528396
14.552299885414962
15.403449010006387
18.867924528301888
18.214810334399033
18.89647029750546
20.474680653958064
21.330181446460518
43.81883719377878
49.44268077601411
0.0
0.0
0.0
0.0
0.0
0.0
0.0
0.0
0.0
0.0
0.0
0.0
0.0
0.0
0.0
0.0
0.0
0.0
0.0
0.0
0.0
0.0
0.0
0.0
0.0
0.0
0.0
0.0
0.0
0.0
0.0
0.0
0.0
0.0
0.0
0.0
0.0
0.0
0.0
0.0
0.0
0.0
0.0
0.0
0.0
0.0
0.0
0.0
0.0
0.0
0.0
0.0
0.0
0.0
0.0
0.0
0.0
0.0
0.0
0.0
0.0
0.0
0.0
0.0
0.0
0.0
0.0
0.0
0.0
0.0
0.0
0.0
0.0
0.0
0.0
0.0
0.0
0.0
0.0
0.0
0.0
0.0
0.0
0.0
0.0
0.0
0.0
0.0
0.0
0.0
0.0
0.0
0.0
0.0
0.0
0.0
0.0
0.0
0.0
0.0
0.0
0.0
0.0
0.0
0.0
0.0
0.0
0.0
0.0
0.0
0.0
0.0
0.0
0.0
0.0
0.0
0.0
0.0
0.0
0.0
0.0
0.0
0.0
0.0
0.0
0.0
0.0
0.0
0.0
0.0
0.0
0.0
0.0
0.0
0.0
0.0
0.0
0.0
0.0
0.0
0.0
0.0
0.0
0.0
0.0
0.0
0.0
0.0
0.0
0.0
0.0
0.0
0.0
0.0
0.0
0.0
0.0
0.0
0.0
0.0
0.0
0.0
0.0
0.0
0.0
0.0
0.0
0.0
0.0
0.0
0.0
0.0
0.0
0.0
0.0
0.0
0.0
0.0
0.0
0.0
0.0
0.0
0.0
0.0
0.0
0.0
0.0
0.0
0.0
0.0
0.0
0.0
0.0
0.0
0.0
0.0
0.0
0.0
0.0
0.0
0.0
0.0
0.0
0.0
0.0
0.0
0.0
0.0
0.0
0.0
0.0
0.0
0.0
0.0
0.0
0.0
0.0
0.0
0.0
0.0
0.0
0.0
0.0
0.0
0.0
0.0
0.0
0.0
0.0
0.0
0.0
0.0
0.0
0.0
0.0
0.0
0.0
0.0
0.0
0.0
0.0
0.0
0.0
0.0
0.0
0.0
0.0
0.0
0.0
0.0
0.0
0.0
0.0
0.0
0.0
0.0
0.0
0.0
0.0
0.0
0.0
0.0
0.0
0.0
0.0
0.0
0.0
0.0
0.0
0.0
0.0
0.0
0.0
0.0
0.0
0.0
0.0
0.0
0.0
0.0
0.0
0.0
0.0
0.0
0.0
0.0
0.0
0.0
0.0
0.0
0.0
0.0
0.0
0.0
0.0
0.0
0.0
0.0
0.0
0.0
0.0
0.0
0.0
0.0
0.0
0.0
0.0
0.0
0.0
0.0
0.0
0.0
0.0
0.0
0.0
0.0
0.0
0.0
0.0
0.0
0.0
0.0
0.0
0.0
0.0
0.0
0.0
0.0
0.0
0.0
0.0
0.0
0.0
0.0
0.0
0.0
0.0
0.0
0.0
0.0
0.0
0.0
0.0
0.0
0.0
0.0
0.0
0.0
0.0
0.0
0.0
0.0
0.0
0.0
0.0
0.0
0.0
0.0
0.0
0.0
0.0
0.0
0.0
0.0
0.0
0.0
0.0
0.0
0.0
0.0
0.0
0.0
0.0
0.0
0.0
0.0
0.0
0.0
0.0
0.0
0.0
0.0
0.0
0.0
0.0
0.0
0.0
0.0
0.0
0.0
0.0
0.0
0.0
0.0
0.0
0.0
0.0
0.0
0.0
0.0
0.0
0.0
0.0
0.0
0.0
0.0
0.0
0.0
0.0
0.0
0.0
0.0
0.0
0.0
0.0
0.0
0.0
0.0
0.0
0.0
0.0
0.0
0.0
0.0
0.0
0.0
0.0
0.0
0.0
0.0
0.0
0.0
0.0
0.0
0.0
0.0
0.0
0.0
0.0
0.0
0.03418803418803419
0.28698664027709053
1.941811049362537
1.6354249679498285
2.8735632183908044
0.0
0.0
0.0
0.0
0.0
0.0
0.0
0.0
0.0
0.0
0.0
0.0
0.0
0.0
0.0
0.0
0.0
0.0
0.0
0.0
0.0
0.0
0.0
0.0
0.0
0.0
0.0
0.0
0.0
0.0
0.0
0.0
0.0
0.0
0.0
0.0
0.0
0.0
0.0
0.0
0.0
0.0
0.0
0.0
0.0
0.0
0.0
0.0
0.0
0.0
0.0
0.0
0.0
0.0
0.0
0.0
0.0
0.0
0.0
0.0
0.0
0.0
0.0
0.0
0.0
0.0
0.0
0.0
0.0
0.0
0.0
0.0
0.0
0.0
0.0
0.0
0.0
0.0
0.0
0.0
0.0
0.0
0.0
0.0
0.0
0.0
0.0
0.0
0.0
0.0
0.0
0.0
0.0
0.0
0.0
0.0
0.0
0.0
0.0
0.0
0.0
0.0
0.0
0.0
0.0
0.0
0.0
0.0
0.0
0.0
0.0
0.0
0.0
0.0
0.0
0.0
0.0
0.0
0.0
0.0
0.0
0.0
0.0
0.0
0.0
0.0
0.0
0.0
0.0
0.0
0.0
0.0
0.0
0.0
0.0
0.0
0.0
0.0
0.0
0.0
0.0
0.0
0.0
0.0
0.0
0.0
0.0
0.0
0.0
0.0
0.0
0.0
0.0
0.0
0.0
0.0
0.0
0.0
0.0
0.0
0.0
0.0
0.0
0.0
0.0
0.0
0.0
0.0
0.0
0.0
0.0
0.0
0.0
0.0
0.0
0.0
0.0
0.0
0.0
0.0
0.0
0.0
0.0
0.0
0.0
0.0
0.0
0.0
0.0
0.0
0.0
0.0
0.0
0.0
0.0
0.0
0.0
0.0
0.0
0.0
0.0
0.0
0.0
0.0
0.0
0.0
0.0
0.0
0.0
0.0
0.0
0.0
0.0
0.0
0.0
0.0
0.0
0.0
0.0
0.0
0.0
0.0
0.0
0.0
0.0
0.0
0.0
0.0
0.0
0.0
0.0
0.0
0.0
0.0
0.0
0.0
0.0
0.0
0.0
0.0
0.0
0.0
0.0
0.0
0.0
0.0
0.0
0.0
0.0
0.0
0.0
0.0
0.0
0.0
0.0
0.0
0.0
0.0
0.0
0.0
0.0
0.0
0.0
0.0
0.0
0.0
0.0
0.0
0.0
0.0
0.0
0.0
0.0
0.0
0.0
0.0
0.0
0.0
0.0
0.0
0.0
0.0
0.0
0.0
0.0
0.0
0.0
0.0
0.0
0.0
0.0
0.0
0.0
0.0
0.0
0.0
0.0
0.0
0.0
0.0
0.0
0.0
0.0
0.0
0.0
0.0
0.0
0.0
0.0
0.0
0.0
0.0
0.0
0.0
0.0
0.0
0.0
0.0
0.0
0.0
0.0
0.0
0.0
0.0
0.0
0.0
0.0
0.0
0.0
0.0
0.0
0.0
0.0
0.0
0.0
0.0
0.0
0.0
0.0
0.0
0.0
0.0
0.0
0.0
0.0
0.0
0.0
0.0
0.0
0.0
0.0
0.0
0.0
0.0
0.0
0.0
0.0
0.0
0.0
0.0
0.0
0.0
0.0
0.0
0.0
0.0
0.0
0.0
0.0
0.0
0.0
0.0
0.0
0.0
0.0
0.0
0.0
0.0
0.0
0.0
0.0
0.0
0.0
0.0
0.0
0.0
0.0
0.0
0.0
0.0
0.0
0.0
0.0
0.0
0.0
0.0
0.0
0.0
0.0
0.0
0.0
0.0
0.0
0.0
0.0
0.0
0.0
0.0
0.0
0.0
0.0
0.0
0.0
0.0
0.0
0.0
0.0
0.0
0.0
0.0
0.0
0.0
0.0
0.0
0.0
0.0
0.0
0.0
0.0
0.0
0.0
0.0
0.0
0.0
0.0
0.0
0.0
0.0
0.0
0.0
0.0
0.0
0.0
0.0
0.0
0.0
0.0
0.0
0.0
0.0
0.0
0.0
0.0
0.0
0.0
0.0
0.0
0.0
0.0
0.0
0.0
0.0
0.0
0.0
0.0
0.0
0.0
0.0
0.0
0.0
0.0
0.0
0.0
0.0
0.3061655405405405
0.16741274520508062
0.0
2.581165557572091
0.013605442176870748
0.11755485893416928
2.2869022869022873
4.661109892520289
17.32905648568299
18.98989898989899
16.885496183206104
5.582706766917293
10.54049356969065
0.0
0.0
0.0
0.0
0.17791732077446365
0.75647835184291
1.295234628567962
2.2853957636566333
3.397212543554007
4.651162790697675
7.991452991452991
8.76468720228644
10.659953440528396
14.552299885414962
15.403449010006387
18.867924528301888
18.214810334399033
18.89647029750546
20.474680653958064
21.330181446460518
43.81883719377878
49.44268077601411
0.0
0.0
0.0
0.0
0.0
0.0
0.0
0.0
0.0
0.0
0.0
0.0
0.0
0.0
0.0
0.0
0.0
0.0
0.0
0.0
0.0
0.0
0.0
0.0
0.0
0.0
0.0
0.0
0.0
0.0
0.0
0.0
0.0
0.0
0.0
0.0
0.0
0.0
0.0
0.0
0.0
0.0
0.0
0.0
0.0
0.0
0.0
0.0
0.0
0.0
0.0
0.0
0.0
0.0
0.0
0.0
0.0
0.0
0.0
0.0
0.0
0.0
0.0
0.0
0.0
0.0
0.0
0.0
0.0
0.0
0.0
0.0
0.0
0.0
0.0
0.0
0.0
0.0
0.0
0.0
0.0
0.0
0.0
0.0
0.0
0.0
0.0
0.0
0.0
0.0
0.0
0.0
0.0
0.0
0.0
0.0
0.0
0.0
0.0
0.0
0.0
0.0
0.0
0.0
0.0
0.0
0.0
0.0
0.0
0.0
0.0
0.0
0.0
0.0
0.0
0.0
0.0
0.0
0.0
0.0
0.0
0.0
0.0
0.0
0.0
0.0
0.0
0.0
0.0
0.0
0.0
0.0
0.0
0.0
0.0
0.0
0.0
0.0
0.0
0.0
0.0
0.0
0.0
0.0
0.0
0.0
0.0
0.0
0.0
0.0
0.0
0.0
0.0
0.0
0.0
0.0
0.0
0.0
0.0
0.0
0.0
0.0
0.0
0.0
0.0
0.0
0.0
0.0
0.0
0.0
0.0
0.0
0.0
0.0
0.0
0.0
0.0
0.0
0.0
0.0
0.0
0.0
0.0
0.0
0.0
0.0
0.0
0.0
0.0
0.0
0.0
0.0
0.0
0.0
0.0
0.0
0.0
0.0
0.0
0.0
0.0
0.0
0.0
0.0
0.0
0.0
0.0
0.0
0.0
0.0
0.0
0.0
0.0
0.0
0.0
0.0
0.0
0.0
0.0
0.0
0.0
0.0
0.0
0.0
0.0
0.0
0.0
0.0
0.0
0.0
0.0
0.0
0.0
0.0
0.0
0.0
0.0
0.0
0.0
0.0
0.0
0.0
0.0
0.0
0.0
0.0
0.0
0.0
0.0
0.0
0.0
0.0
0.0
0.0
0.0
0.0
0.0
0.0
0.0
0.0
0.0
0.0
0.0
0.0
0.0
0.0
0.0
0.0
0.0
0.0
0.0
0.0
0.0
0.0
0.0
0.0
0.0
0.0
0.0
0.0
0.0
0.0
0.0
0.0
0.0
0.0
0.0
0.0
0.0
0.0
0.0
0.0
0.0
0.0
0.0
0.0
0.0
0.0
0.0
0.0
0.0
0.0
0.0
0.0
0.0
0.0
0.0
0.0
0.0
0.0
0.0
0.0
0.0
0.0
0.0
0.0
0.0
0.0
0.0
0.0
0.0
0.0
0.0
0.0
0.0
0.0
0.0
0.0
0.0
0.0
0.0
0.0
0.0
0.0
0.0
0.0
0.0
0.0
0.0
0.0
0.0
0.0
0.0
0.0
0.0
0.0
0.0
0.0
0.0
0.0
0.0
0.0
0.0
0.0
0.0
0.0
0.0
0.0
0.0
0.0
0.0
0.0
0.0
0.0
0.0
0.0
0.0
0.0
0.0
0.0
0.0
0.0
0.0
0.0
0.0
0.0
0.0
0.0
0.0
0.0
0.0
0.0
0.0
0.0
0.0
0.0
0.0
0.0
0.0
0.0
0.0
0.0
0.0
0.0
0.0
0.0
0.0
0.0
0.0
0.0
0.0
0.0
0.0
0.0
0.0
0.0
0.0
0.0
0.0
0.0
0.0
0.0
0.0
0.0
0.0
0.0
0.0
0.0
0.0
0.0
0.0
0.0
0.0
0.0
0.0
0.0
0.0
0.0
0.0
0.0
0.0
0.0
0.0
0.0
0.0
0.0
0.0
0.0
0.0
0.0
0.03418803418803419
0.28698664027709053
1.941811049362537
1.6354249679498285
2.8735632183908044
0.0
0.0
0.0
0.0
0.0
0.0
0.0
0.0
0.0
0.0
0.0
0.0
0.0
0.0
0.0
0.0
0.0
0.0
0.0
0.0
0.0
0.0
0.0
0.0
0.0
0.0
0.0
0.0
0.0
0.0
0.0
0.0
0.0
0.0
0.0
0.0
0.0
0.0
0.0
0.0
0.0
0.0
0.0
0.0
0.0
0.0
0.0
0.0
0.0
0.0
0.0
0.0
0.0
0.0
0.0
0.0
0.0
0.0
0.0
0.0
0.0
0.0
0.0
0.0
0.0
0.0
0.0
0.0
0.0
0.0
0.0
0.0
0.0
0.0
0.0
0.0
0.0
0.0
0.0
0.0
0.0
0.0
0.0
0.0
0.0
0.0
0.0
0.0
0.0
0.0
0.0
0.0
0.0
0.0
0.0
0.0
0.0
0.0
0.0
0.0
0.0
0.0
0.0
0.0
0.0
0.0
0.0
0.0
0.0
0.0
0.0
0.0
0.0
0.0
0.0
0.0
0.0
0.0
0.0
0.0
0.0
0.0
0.0
0.0
0.0
0.0
0.0
0.0
0.0
0.0
0.0
0.0
0.0
0.0
0.0
0.0
0.0
0.0
0.0
0.0
0.0
0.0
0.0
0.0
0.0
0.0
0.0
0.0
0.0
0.0
0.0
0.0
0.0
0.0
0.0
0.0
0.0
0.0
0.0
0.0
0.0
0.0
0.0
0.0
0.0
0.0
0.0
0.0
0.0
0.0
0.0
0.0
0.0
0.0
0.0
0.0
0.0
0.0
0.0
0.0
0.0
0.0
0.0
0.0
0.0
0.0
0.0
0.0
0.0
0.0
0.0
0.0
0.0
0.0
0.0
0.0
0.0
0.0
0.0
0.0
0.0
0.0
0.0
0.0
0.0
0.0
0.0
0.0
0.0
0.0
0.0
0.0
0.0
0.0
0.0
0.0
0.0
0.0
0.0
0.0
0.0
0.0
0.0
0.0
0.0
0.0
0.0
0.0
0.0
0.0
0.0
0.0
0.0
0.0
0.0
0.0
0.0
0.0
0.0
0.0
0.0
0.0
0.0
0.0
0.0
0.0
0.0
0.0
0.0
0.0
0.0
0.0
0.0
0.0
0.0
0.0
0.0
0.0
0.0
0.0
0.0
0.0
0.0
0.0
0.0
0.0
0.0
0.0
0.0
0.0
0.0
0.0
0.0
0.0
0.0
0.0
0.0
0.0
0.0
0.0
0.0
0.0
0.0
0.0
0.0
0.0
0.0
0.0
0.0
0.0
0.0
0.0
0.0
0.0
0.0
0.0
0.0
0.0
0.0
0.0
0.0
0.0
0.0
0.0
0.0
0.0
0.0
0.0
0.0
0.0
0.0
0.0
0.0
0.0
0.0
0.0
0.0
0.0
0.0
0.0
0.0
0.0
0.0
0.0
0.0
0.0
0.0
0.0
0.0
0.0
0.0
0.0
0.0
0.0
0.0
0.0
0.0
0.0
0.0
0.0
0.0
0.0
0.0
0.0
0.0
0.0
0.0
0.0
0.0
0.0
0.0
0.0
0.0
0.0
0.0
0.0
0.0
0.0
0.0
0.0
0.0
0.0
0.0
0.0
0.0
0.0
0.0
0.0
0.0
0.0
0.0
0.0
0.0
0.0
0.0
0.0
0.0
0.0
0.0
0.0
0.0
0.0
0.0
0.0
0.0
0.0
0.0
0.0
0.0
0.0
0.0
0.0
0.0
0.0
0.0
0.0
0.0
0.0
0.0
0.0
0.0
0.0
0.0
0.0
0.0
0.0
0.0
0.0
0.0
0.0
0.0
0.0
0.0
0.0
0.0
0.0
0.0
0.0
0.0
0.0
0.0
0.0
0.0
0.0
0.0
0.0
0.0
0.0
0.0
0.0
0.0
0.0
0.0
0.0
0.0
0.0
0.0
0.0
0.0
0.0
0.0
0.0
0.0
0.0
0.0
0.0
0.0
0.0
0.0
0.0
0.0
0.0
0.0
0.0
0.0
0.0
0.0
0.0
0.0
0.0
0.0
0.0
0.0
0.0
0.0
0.0
0.0
0.0
0.0
0.0
0.0
0.0
0.0
0.0
0.0
0.0
0.0
0.0
0.0
0.0
0.0
0.0
0.0
0.0
0.0
0.0
0.0
0.0
0.0
0.0
0.0
0.0
0.0
0.0
0.0
0.0
0.0
0.0
0.0
0.0
0.0
0.0
0.0
0.0
0.0
0.0
0.0
0.0
0.0
0.0
0.0
0.0
0.0
0.0
0.0
0.0
0.0
0.0
0.0
0.0
0.0
0.0
0.0
0.0
0.0
0.0
0.0
0.0
0.0
0.0
0.0
0.0
0.0
0.0
0.0
0.0
0.0
0.0
0.0
0.0
0.0
0.0
0.0
0.0
0.0
0.0
0.0
0.0
0.0
0.0
0.0
0.0
0.0
0.0
0.0
0.0
0.0
0.0
0.0
0.0
0.0
0.0
0.0
0.0
0.0
0.0
0.0
0.0
0.0
0.0
0.0
0.0
0.0
0.0
0.0
0.0
0.0
0.03418803418803419
0.28698664027709053
1.941811049362537
1.6354249679498285
2.8735632183908044
0.0
0.0
0.0
0.0
0.0
0.0
0.0
0.0
0.0
0.0
0.0
0.0
0.0
0.0
0.0
0.0
0.0
0.0
0.0
0.0
0.0
0.0
0.0
0.0
0.0
0.0
0.0
0.0
0.0
0.0
0.0
0.0
0.0
0.0
0.0
0.0
0.0
0.0
0.0
0.0
0.0
0.0
0.0
0.0
0.0
0.0
0.0
0.0
0.0
0.0
0.0
0.0
0.0
0.0
0.0
0.0
0.0
0.0
0.0
0.0
0.0
0.0
0.0
0.0
0.0
0.0
0.0
0.0
0.0
0.0
0.0
0.0
0.0
0.0
0.0
0.0
0.0
0.0
0.0
0.0
0.0
0.0
0.0
0.0
0.0
0.0
0.0
0.0
0.0
0.0
0.0
0.0
0.0
0.0
0.0
0.0
0.0
0.0
0.0
0.0
0.0
0.0
0.0
0.0
0.0
0.0
0.0
0.0
0.0
0.0
0.0
0.0
0.0
0.0
0.0
0.0
0.0
0.0
0.0
0.0
0.0
0.0
0.0
0.0
0.0
0.0
0.0
0.0
0.0
0.0
0.0
0.0
0.0
0.0
0.0
0.0
0.0
0.0
0.0
0.0
0.0
0.0
0.0
0.0
0.0
0.0
0.0
0.0
0.0
0.0
0.0
0.0
0.0
0.0
0.0
0.0
0.0
0.0
0.0
0.0
0.0
0.0
0.0
0.0
0.0
0.0
0.0
0.0
0.0
0.0
0.0
0.0
0.0
0.0
0.0
0.0
0.0
0.0
0.0
0.0
0.0
0.0
0.0
0.0
0.0
0.0
0.0
0.0
0.0
0.0
0.0
0.0
0.0
0.0
0.0
0.0
0.0
0.0
0.0
0.0
0.0
0.0
0.0
0.0
0.0
0.0
0.0
0.0
0.0
0.0
0.0
0.0
0.0
0.0
0.0
0.0
0.0
0.0
0.0
0.0
0.0
0.0
0.0
0.0
0.0
0.0
0.0
0.0
0.0
0.0
0.0
0.0
0.0
0.0
0.0
0.0
0.0
0.0
0.0
0.0
0.0
0.0
0.0
0.0
0.0
0.0
0.0
0.0
0.0
0.0
0.0
0.0
0.0
0.0
0.0
0.0
0.0
0.0
0.0
0.0
0.0
0.0
0.0
0.0
0.0
0.0
0.0
0.0
0.0
0.0
0.0
0.0
0.0
0.0
0.0
0.0
0.0
0.0
0.0
0.0
0.0
0.0
0.0
0.0
0.0
0.0
0.0
0.0
0.0
0.0
0.0
0.0
0.0
0.0
0.0
0.0
0.0
0.0
0.0
0.0
0.0
0.0
0.0
0.0
0.0
0.0
0.0
0.0
0.0
0.0
0.0
0.0
0.0
0.0
0.0
0.0
0.0
0.0
0.0
0.0
0.0
0.0
0.0
0.0
0.0
0.0
0.0
0.0
0.0
0.0
0.0
0.0
0.0
0.0
0.0
0.0
0.0
0.0
0.0
0.0
0.0
0.0
0.0
0.0
0.0
0.0
0.0
0.0
0.0
0.0
0.0
0.0
0.0
0.0
0.0
0.0
0.0
0.0
0.0
0.0
0.0
0.0
0.0
0.0
0.0
0.0
0.0
0.0
0.0
0.0
0.0
0.0
0.0
0.0
0.0
0.0
0.0
0.0
0.0
0.0
0.0
0.0
0.0
0.0
0.0
0.0
0.0
0.0
0.0
0.0
0.0
0.0
0.0
0.0
0.0
0.0
0.0
0.0
0.0
0.0
0.0
0.0
0.0
0.0
0.0
0.0
0.0
0.0
0.0
0.0
0.0
0.0
0.0
0.0
0.0
0.0
0.0
0.0
0.0
0.0
0.0
0.0
0.0
0.0
0.0
0.0
0.0
0.0
0.0
0.0
0.0
0.0
0.0
0.0
0.0
0.0
0.0
0.0
0.0
0.0
0.0
0.0
0.0
0.0
0.0
0.0
0.0
0.0
0.0
0.0
0.0
0.0
0.0
0.0
0.0
0.0
0.0
0.0
0.0
0.0
0.0
0.0
0.0
0.0
0.0
0.0
0.0
0.0
0.0
0.0
0.0
0.0
0.03418803418803419
0.28698664027709053
1.941811049362537
1.6354249679498285
2.8735632183908044
0.0
0.0
0.0
0.0
0.0
0.0
0.0
0.0
0.0
0.0
0.0
0.0
0.0
0.0
0.0
0.0
0.0
0.0
0.0
0.0
0.0
0.0
0.0
0.0
0.0
0.0
0.0
0.0
0.0
0.0
0.0
0.0
0.0
0.0
0.0
0.0
0.0
0.0
0.0
0.0
0.0
0.0
0.0
0.0
0.0
0.0
0.0
0.0
0.0
0.0
0.0
0.0
0.0
0.0
0.0
0.0
0.0
0.0
0.0
0.0
0.0
0.0
0.0
0.0
0.0
0.0
0.0
0.0
0.0
0.0
0.0
0.0
0.0
0.0
0.0
0.0
0.0
0.0
0.0
0.0
0.0
0.0
0.0
0.0
0.0
0.0
0.0
0.0
0.0
0.0
0.0
0.0
0.0
0.0
0.0
0.0
0.0
0.0
0.0
0.0
0.0
0.0
0.0
0.0
0.0
0.0
0.0
0.0
0.0
0.0
0.0
0.0
0.0
0.0
0.0
0.0
0.0
0.0
0.0
0.0
0.0
0.0
0.0
0.0
0.0
0.0
0.0
0.0
0.0
0.0
0.0
0.0
0.0
0.0
0.0
0.0
0.0
0.0
0.0
0.0
0.0
0.0
0.0
0.0
0.0
0.0
0.0
0.0
0.0
0.0
0.0
0.0
0.0
0.0
0.0
0.0
0.0
0.0
0.0
0.0
0.0
0.0
0.0
0.0
0.0
0.0
0.0
0.0
0.0
0.0
0.0
0.0
0.0
0.0
0.0
0.0
0.0
0.0
0.0
0.0
0.0
0.0
0.0
0.0
0.0
0.0
0.0
0.0
0.0
0.0
0.0
0.0
0.0
0.0
0.0
0.0
0.0
0.0
0.0
0.0
0.0
0.0
0.0
0.0
0.0
0.0
0.0
0.0
0.0
0.0
0.0
0.0
0.0
0.0
0.0
0.0
0.0
0.0
0.0
0.0
0.0
0.0
0.0
0.0
0.0
0.0
0.0
0.0
0.0
0.0
0.0
0.0
0.0
0.0
0.0
0.0
0.0
0.0
0.0
0.0
0.0
0.0
0.0
0.0
0.0
0.0
0.0
0.0
0.0
0.0
0.0
0.0
0.0
0.0
0.0
0.0
0.0
0.0
0.0
0.0
0.0
0.0
0.0
0.0
0.0
0.0
0.0
0.0
0.0
0.0
0.0
0.0
0.0
0.0
0.0
0.0
0.0
0.0
0.0
0.0
0.0
0.0
0.0
0.0
0.0
0.0
0.0
0.0
0.0
0.0
0.0
0.0
0.0
0.0
0.0
0.0
0.0
0.0
0.0
0.0
0.0
0.0
0.0
0.0
0.0
0.0
0.0
0.0
0.0
0.0
0.0
0.0
0.0
0.0
0.0
0.0
0.0
0.0
